Participant name: 
Nausea Reduction: False
Claustrophobia Reduction: False
Experiment Date & Time: 2019-Mar-21 12:03
Configuration Type: default
Configuration File Name: --
Application Version: 1.6

Global_Time_Seconds,Current_Day,Day_Time_Seconds,Current_State,Head_X_Position_Meters,Head_Y_Position_Meters,Head_Z_Position_Meters,Head_X_Rotation_Degrees,Head_Y_Rotation_Degrees,Head_Z_Rotation_Degrees,L_Hand_X_Position_Meters,L_Hand_Y_Position_Meters,L_Hand_Z_Position_Meters,R_Hand_X_Position_Meters,R_Hand_Y_Position_Meters,R_Hand_Z_Position_Meters,Bucket_X_Position_Meters,Bucket_Y_Position_Meters,Bucket_Z_Position_Meters,Avg_Moving_Speed_Last_Second_M/sec,Current_Water_In_Bucket,Cumulative_Water_Carried,Today_Water_Carried,Cumulative_Water_Spilled,Today_Water_Spilled,Cumulative_Water_Delivered,Today_Water_Delivered,Total_Score,Today_Score,Current_Pay_Per_Drop,Shake_Impairment_Day_Current_Strength_Pcnt,Shake_Impairment_Day_Initial_Strength_Pcnt,Seconds_Waited_Treatment_Day,Amount_Payed_Treatment_Day,Seconds_Waited_Treatment_Total,Amount_Payed_For_Treatment_Total
1.006014,0,0,RUNNING,0.1694722,0.5079743,0.7020414,-6,-51,-4,-0.02663825,-0.02663825,0,-0.02663825,-0.02663825,0,1.241875,1.065623,0.4437931,0.8829613,0,0,0,0,0,0,0,0,0,1,0,0,0,0,0,0
2.011565,0,0,RUNNING,0.1694213,0.5077558,0.7022038,-6,-51,-4,-0.02663825,-0.02663825,0,-0.02663825,-0.02663825,0,1.241875,1.065623,0.4437931,0.0002769429,0,0,0,0,0,0,0,0,0,1,0,0,0,0,0,0
3.016789,0,0,RUNNING,0.1693411,0.5079246,0.7022211,-6,-51,-4,-0.02663825,-0.02663825,0,-0.02663825,-0.02663825,0,1.241875,1.065623,0.4437931,0.0001877182,0,0,0,0,0,0,0,0,0,1,0,0,0,0,0,0
4.022093,0,0,RUNNING,0.1693566,0.5080637,0.7021761,-6,-51,-4,-0.02663825,-0.02663825,0,-0.02663825,-0.02663825,0,1.241875,1.065623,0.4437931,0.0001470271,0,0,0,0,0,0,0,0,0,1,0,0,0,0,0,0
5.027385,0,0,RUNNING,0.1694347,0.5078351,0.7021295,-6,-51,-4,-0.02663825,-0.02663825,0,-0.02663825,-0.02663825,0,1.241875,1.065623,0.4437931,0.0002460946,0,0,0,0,0,0,0,0,0,1,0,0,0,0,0,0
6.032567,0,0,RUNNING,0.1694056,0.5077617,0.7021925,-6,-51,-4,-0.02663825,-0.02663825,0,-0.02663825,-0.02663825,0,1.241875,1.065623,0.4437931,0.0001010568,0,0,0,0,0,0,0,0,0,1,0,0,0,0,0,0
7.037858,0,0,RUNNING,0.1696489,0.5076751,0.7019343,-6,-51,-4,-0.02663825,-0.02663825,0,-0.02663825,-0.02663825,0,1.241875,1.065623,0.4437931,0.0003652382,0,0,0,0,0,0,0,0,0,1,0,0,0,0,0,0
8.043138,0,0,RUNNING,0.169441,0.5079112,0.701972,-6,-51,-4,-0.02663825,-0.02663825,0,-0.02663825,-0.02663825,0,1.241875,1.065623,0.4437931,0.0003168493,0,0,0,0,0,0,0,0,0,1,0,0,0,0,0,0
9.04882,0,0,RUNNING,0.1695596,0.5077129,0.7020366,-6,-51,-4,-0.02663825,-0.02663825,0,-0.02663825,-0.02663825,0,1.241875,1.065623,0.4437931,0.0002399747,0,0,0,0,0,0,0,0,0,1,0,0,0,0,0,0
10.0539,0,0,RUNNING,0.1695,0.5078954,0.7020504,-6,-51,-4,-0.02663825,-0.02663825,0,-0.02663825,-0.02663825,0,1.241875,1.065623,0.4437931,0.0001924411,0,0,0,0,0,0,0,0,0,1,0,0,0,0,0,0
11.05895,0,0,RUNNING,0.1695243,0.5079197,0.7020234,-6,-51,-4,-0.02663825,-0.02663825,0,-0.02663825,-0.02663825,0,1.241875,1.065623,0.4437931,4.374613E-05,0,0,0,0,0,0,0,0,0,1,0,0,0,0,0,0
12.06427,0,0,RUNNING,0.169597,0.5078377,0.702114,-6,-51,-4,-0.02663825,-0.02663825,0,-0.02663825,-0.02663825,0,1.241875,1.065623,0.4437931,0.0001421897,0,0,0,0,0,0,0,0,0,1,0,0,0,0,0,0
13.06971,0,0,RUNNING,0.1694738,0.5077803,0.7020614,-6,-51,-4,-0.02663825,-0.02663825,0,-0.02663825,-0.02663825,0,1.241875,1.065623,0.4437931,0.0001458308,0,0,0,0,0,0,0,0,0,1,0,0,0,0,0,0
14.07479,0,0,RUNNING,0.1693906,0.5077972,0.7021319,-6,-51,-4,-0.02663825,-0.02663825,0,-0.02663825,-0.02663825,0,1.241875,1.065623,0.4437931,0.0001102711,0,0,0,0,0,0,0,0,0,1,0,0,0,0,0,0
15.08035,0,0,RUNNING,0.1694064,0.507839,0.7022304,-6,-51,-4,-0.02663825,-0.02663825,0,-0.02663825,-0.02663825,0,1.241875,1.065623,0.4437931,0.0001082198,0,0,0,0,0,0,0,0,0,1,0,0,0,0,0,0
16.0856,0,0,RUNNING,0.169512,0.5079545,0.7021202,-6,-51,-4,-0.02663825,-0.02663825,0,-0.02663825,-0.02663825,0,1.241875,1.065623,0.4437931,0.0001914592,0,0,0,0,0,0,0,0,0,1,0,0,0,0,0,0
17.09088,0,0,RUNNING,0.1692209,0.5080121,0.7020829,-6,-51,-4,-0.02663825,-0.02663825,0,-0.02663825,-0.02663825,0,1.241875,1.065623,0.4437931,0.0002991155,0,0,0,0,0,0,0,0,0,1,0,0,0,0,0,0
18.09604,0,0,RUNNING,0.1694859,0.5079268,0.7021569,-6,-51,-4,-0.02663825,-0.02663825,0,-0.02663825,-0.02663825,0,1.241875,1.065623,0.4437931,0.0002880706,0,0,0,0,0,0,0,0,0,1,0,0,0,0,0,0
19.10139,0,0,RUNNING,0.1694505,0.5078669,0.7021874,-6,-51,-4,-0.02663825,-0.02663825,0,-0.02663825,-0.02663825,0,1.241875,1.065623,0.4437931,7.596671E-05,0,0,0,0,0,0,0,0,0,1,0,0,0,0,0,0
20.10646,0,0,RUNNING,0.169355,0.5077463,0.7021858,-6,-51,-4,-0.02663825,-0.02663825,0,-0.02663825,-0.02663825,0,1.241875,1.065623,0.4437931,0.0001537421,0,0,0,0,0,0,0,0,0,1,0,0,0,0,0,0
21.11176,0,0,RUNNING,0.169437,0.5077948,0.7020393,-6,-51,-4,-0.02663825,-0.02663825,0,-0.02663825,-0.02663825,0,1.241875,1.065623,0.4437931,0.0001746763,0,0,0,0,0,0,0,0,0,1,0,0,0,0,0,0
22.1176,0,0,RUNNING,0.1694592,0.507896,0.7021267,-6,-51,-4,-0.02663825,-0.02663825,0,-0.02663825,-0.02663825,0,1.241875,1.065623,0.4437931,0.0001354745,0,0,0,0,0,0,0,0,0,1,0,0,0,0,0,0
23.1228,0,0,RUNNING,0.1694295,0.5078387,0.7020599,-6,-51,-4,-0.02663825,-0.02663825,0,-0.02663825,-0.02663825,0,1.241875,1.065623,0.4437931,9.284934E-05,0,0,0,0,0,0,0,0,0,1,0,0,0,0,0,0
24.12809,0,0,RUNNING,0.1693507,0.5079922,0.7020965,-6,-51,-4,-0.02663825,-0.02663825,0,-0.02663825,-0.02663825,0,1.241875,1.065623,0.4437931,0.0001763646,0,0,0,0,0,0,0,0,0,1,0,0,0,0,0,0
25.13316,0,0,RUNNING,0.1693683,0.507917,0.7020297,-6,-51,-4,-0.02663825,-0.02663825,0,-0.02663825,-0.02663825,0,1.241875,1.065623,0.4437931,0.0001020246,0,0,0,0,0,0,0,0,0,1,0,0,0,0,0,0
26.13873,0,0,RUNNING,0.1694112,0.5078458,0.7020718,-6,-51,-4,-0.02663825,-0.02663825,0,-0.02663825,-0.02663825,0,1.241875,1.065623,0.4437931,9.322649E-05,0,0,0,0,0,0,0,0,0,1,0,0,0,0,0,0
27.14355,0,0,RUNNING,0.169421,0.5078713,0.7020486,-6,-51,-4,-0.02663825,-0.02663825,0,-0.02663825,-0.02663825,0,1.241875,1.065623,0.4437931,3.592778E-05,0,0,0,0,0,0,0,0,0,1,0,0,0,0,0,0
28.14941,0,0,RUNNING,0.1693999,0.5077925,0.7021425,-6,-51,-4,-0.02663825,-0.02663825,0,-0.02663825,-0.02663825,0,1.241875,1.065623,0.4437931,0.000124409,0,0,0,0,0,0,0,0,0,1,0,0,0,0,0,0
29.15429,0,0,RUNNING,0.1692949,0.5079735,0.7019749,-6,-51,-4,-0.02663825,-0.02663825,0,-0.02663825,-0.02663825,0,1.241875,1.065623,0.4437931,0.0002680749,0,0,0,0,0,0,0,0,0,1,0,0,0,0,0,0
30.15983,0,0,RUNNING,0.1693793,0.5077178,0.7020615,-6,-51,-4,-0.02663825,-0.02663825,0,-0.02663825,-0.02663825,0,1.241875,1.065623,0.4437931,0.0002828527,0,0,0,0,0,0,0,0,0,1,0,0,0,0,0,0
31.16508,0,0,RUNNING,0.1693504,0.5078737,0.7021685,-6,-51,-4,-0.02663825,-0.02663825,0,-0.02663825,-0.02663825,0,1.241875,1.065623,0.4437931,0.0001911958,0,0,0,0,0,0,0,0,0,1,0,0,0,0,0,0
32.17027,0,0,RUNNING,0.1691916,0.5080313,0.7021288,-6,-51,-4,-0.02663825,-0.02663825,0,-0.02663825,-0.02663825,0,1.241875,1.065623,0.4437931,0.0002272727,0,0,0,0,0,0,0,0,0,1,0,0,0,0,0,0
33.17566,0,0,RUNNING,0.1693103,0.5078207,0.7021307,-6,-51,-4,-0.02663825,-0.02663825,0,-0.02663825,-0.02663825,0,1.241875,1.065623,0.4437931,0.0002418262,0,0,0,0,0,0,0,0,0,1,0,0,0,0,0,0
34.18107,0,0,RUNNING,0.1694247,0.5077506,0.7021047,-6,-51,-4,-0.02663825,-0.02663825,0,-0.02663825,-0.02663825,0,1.241875,1.065623,0.4437931,0.0001366303,0,0,0,0,0,0,0,0,0,1,0,0,0,0,0,0
35.18614,0,0,RUNNING,0.1692505,0.508031,0.7020018,-6,-51,-4,-0.02663825,-0.02663825,0,-0.02663825,-0.02663825,0,1.241875,1.065623,0.4437931,0.0003457736,0,0,0,0,0,0,0,0,0,1,0,0,0,0,0,0
36.19146,0,0,RUNNING,0.1692601,0.5078121,0.7019023,-6,-51,-4,-0.02663825,-0.02663825,0,-0.02663825,-0.02663825,0,1.241875,1.065623,0.4437931,0.000240664,0,0,0,0,0,0,0,0,0,1,0,0,0,0,0,0
37.19702,0,0,RUNNING,0.1694905,0.5077357,0.7021519,-6,-51,-4,-0.02663825,-0.02663825,0,-0.02663825,-0.02663825,0,1.241875,1.065623,0.4437931,0.0003481759,0,0,0,0,0,0,0,0,0,1,0,0,0,0,0,0
38.20197,0,0,RUNNING,0.169412,0.5077716,0.7021881,-6,-51,-4,-0.02663825,-0.02663825,0,-0.02663825,-0.02663825,0,1.241875,1.065623,0.4437931,9.367218E-05,0,0,0,0,0,0,0,0,0,1,0,0,0,0,0,0
39.20765,0,0,RUNNING,0.1693494,0.507853,0.7020463,-6,-51,-4,-0.02663825,-0.02663825,0,-0.02663825,-0.02663825,0,1.241875,1.065623,0.4437931,0.0001750457,0,0,0,0,0,0,0,0,0,1,0,0,0,0,0,0
40.21257,0,0,RUNNING,0.1693612,0.5078533,0.7021477,-6,-51,-4,-0.02663825,-0.02663825,0,-0.02663825,-0.02663825,0,1.241875,1.065623,0.4437931,0.0001019948,0,0,0,0,0,0,0,0,0,1,0,0,0,0,0,0
41.21834,0,0,RUNNING,0.1693723,0.5079488,0.7021046,-6,-51,-4,-0.02663825,-0.02663825,0,-0.02663825,-0.02663825,0,1.241875,1.065623,0.4437931,0.0001053265,0,0,0,0,0,0,0,0,0,1,0,0,0,0,0,0
42.22331,0,0,RUNNING,0.1693239,0.5078947,0.7021191,-6,-51,-4,-0.02663825,-0.02663825,0,-0.02663825,-0.02663825,0,1.241875,1.065623,0.4437931,7.403536E-05,0,0,0,0,0,0,0,0,0,1,0,0,0,0,0,0
43.22868,0,0,RUNNING,0.1693709,0.5077596,0.7020833,-6,-51,-4,-0.02663825,-0.02663825,0,-0.02663825,-0.02663825,0,1.241875,1.065623,0.4437931,0.0001474779,0,0,0,0,0,0,0,0,0,1,0,0,0,0,0,0
44.23401,0,0,RUNNING,0.1694399,0.5078313,0.7021099,-6,-51,-4,-0.02663825,-0.02663825,0,-0.02663825,-0.02663825,0,1.241875,1.065623,0.4437931,0.0001029526,0,0,0,0,0,0,0,0,0,1,0,0,0,0,0,0
45.23901,0,0,RUNNING,0.1693867,0.5078846,0.7019818,-6,-51,-4,-0.02663825,-0.02663825,0,-0.02663825,-0.02663825,0,1.241875,1.065623,0.4437931,0.0001486985,0,0,0,0,0,0,0,0,0,1,0,0,0,0,0,0
46.24444,0,0,RUNNING,0.169339,0.5077804,0.7022153,-6,-51,-4,-0.02663825,-0.02663825,0,-0.02663825,-0.02663825,0,1.241875,1.065623,0.4437931,0.0002601659,0,0,0,0,0,0,0,0,0,1,0,0,0,0,0,0
47.24974,0,0,RUNNING,0.169306,0.5077651,0.7019356,-6,-51,-4,-0.02663825,-0.02663825,0,-0.02663825,-0.02663825,0,1.241875,1.065623,0.4437931,0.0002821072,0,0,0,0,0,0,0,0,0,1,0,0,0,0,0,0
48.25546,0,0,RUNNING,0.1692809,0.507883,0.7020052,-6,-51,-4,-0.02663825,-0.02663825,0,-0.02663825,-0.02663825,0,1.241875,1.065623,0.4437931,0.0001392371,0,0,0,0,0,0,0,0,0,1,0,0,0,0,0,0
49.26143,0,0,RUNNING,0.1694634,0.5077752,0.7021223,-6,-51,-4,-0.02663825,-0.02663825,0,-0.02663825,-0.02663825,0,1.241875,1.065623,0.4437931,0.0002421703,0,0,0,0,0,0,0,0,0,1,0,0,0,0,0,0
50.26595,0,0,RUNNING,0.1694061,0.5078068,0.7020697,-6,-51,-4,-0.02663825,-0.02663825,0,-0.02663825,-0.02663825,0,1.241875,1.065623,0.4437931,8.401071E-05,0,0,0,0,0,0,0,0,0,1,0,0,0,0,0,0
51.27132,0,0,RUNNING,0.1692981,0.5077986,0.70212,-6,-51,-4,-0.02663825,-0.02663825,0,-0.02663825,-0.02663825,0,1.241875,1.065623,0.4437931,0.0001193941,0,0,0,0,0,0,0,0,0,1,0,0,0,0,0,0
52.27619,0,0,RUNNING,0.1693039,0.5080203,0.7020348,-6,-51,-4,-0.02663825,-0.02663825,0,-0.02663825,-0.02663825,0,1.241875,1.065623,0.4437931,0.0002376251,0,0,0,0,0,0,0,0,0,1,0,0,0,0,0,0
53.28159,0,0,RUNNING,0.1694305,0.5079136,0.7021301,-6,-51,-4,-0.02663825,-0.02663825,0,-0.02663825,-0.02663825,0,1.241875,1.065623,0.4437931,0.0001910806,0,0,0,0,0,0,0,0,0,1,0,0,0,0,0,0
54.28697,0,0,RUNNING,0.1693661,0.5078421,0.7020634,-6,-51,-4,-0.02663825,-0.02663825,0,-0.02663825,-0.02663825,0,1.241875,1.065623,0.4437931,0.000117059,0,0,0,0,0,0,0,0,0,1,0,0,0,0,0,0
55.29251,0,0,RUNNING,0.1694358,0.507822,0.70208,-6,-51,-4,-0.02663825,-0.02663825,0,-0.02663825,-0.02663825,0,1.241875,1.065623,0.4437931,7.448158E-05,0,0,0,0,0,0,0,0,0,1,0,0,0,0,0,0
56.29743,0,0,RUNNING,0.1693317,0.50798,0.7020999,-6,-51,-4,-0.02663825,-0.02663825,0,-0.02663825,-0.02663825,0,1.241875,1.065623,0.4437931,0.0001903839,0,0,0,0,0,0,0,0,0,1,0,0,0,0,0,0
57.30296,0,0,RUNNING,0.1692708,0.5077084,0.7021376,-6,-51,-4,-0.02663825,-0.02663825,0,-0.02663825,-0.02663825,0,1.241875,1.065623,0.4437931,0.0002809532,0,0,0,0,0,0,0,0,0,1,0,0,0,0,0,0
58.30795,0,0,RUNNING,0.1694007,0.5079083,0.7020702,-6,-51,-4,-0.02663825,-0.02663825,0,-0.02663825,-0.02663825,0,1.241875,1.065623,0.4437931,0.0002477223,0,0,0,0,0,0,0,0,0,1,0,0,0,0,0,0
59.31349,0,0,RUNNING,0.1693522,0.5077228,0.7019776,-6,-51,-4,-0.02663825,-0.02663825,0,-0.02663825,-0.02663825,0,1.241875,1.065623,0.4437931,0.0002129528,0,0,0,0,0,0,0,0,0,1,0,0,0,0,0,0
60.31858,0,0,RUNNING,0.1692882,0.5077606,0.7020427,-6,-51,-4,-0.02663825,-0.02663825,0,-0.02663825,-0.02663825,0,1.241875,1.065623,0.4437931,9.887142E-05,0,0,0,0,0,0,0,0,0,1,0,0,0,0,0,0
61.32397,0,0,RUNNING,0.1693009,0.5078587,0.7020607,-6,-51,-4,-0.02663825,-0.02663825,0,-0.02663825,-0.02663825,0,1.241875,1.065623,0.4437931,0.0001005144,0,0,0,0,0,0,0,0,0,1,0,0,0,0,0,0
62.32928,0,0,RUNNING,0.169485,0.5077037,0.7020603,-6,-51,-4,-0.02663825,-0.02663825,0,-0.02663825,-0.02663825,0,1.241875,1.065623,0.4437931,0.0002407048,0,0,0,0,0,0,0,0,0,1,0,0,0,0,0,0
63.3349,0,0,RUNNING,0.1693121,0.5077578,0.702008,-6,-51,-4,-0.02663825,-0.02663825,0,-0.02663825,-0.02663825,0,1.241875,1.065623,0.4437931,0.000188561,0,0,0,0,0,0,0,0,0,1,0,0,0,0,0,0
64.33985,0,0,RUNNING,0.1692799,0.5078918,0.7019699,-6,-51,-4,-0.02663825,-0.02663825,0,-0.02663825,-0.02663825,0,1.241875,1.065623,0.4437931,0.0001429659,0,0,0,0,0,0,0,0,0,1,0,0,0,0,0,0
65.34531,0,0,RUNNING,0.1692297,0.5078601,0.702018,-6,-51,-4,-0.02663825,-0.02663825,0,-0.02663825,-0.02663825,0,1.241875,1.065623,0.4437931,7.638481E-05,0,0,0,0,0,0,0,0,0,1,0,0,0,0,0,0
66.35087,0,0,RUNNING,0.1694112,0.5078899,0.7020409,-6,-51,-4,-0.02663825,-0.02663825,0,-0.02663825,-0.02663825,0,1.241875,1.065623,0.4437931,0.0001853482,0,0,0,0,0,0,0,0,0,1,0,0,0,0,0,0
67.35569,0,0,RUNNING,0.1692728,0.5077149,0.7022083,-6,-51,-4,-0.02663825,-0.02663825,0,-0.02663825,-0.02663825,0,1.241875,1.065623,0.4437931,0.000278962,0,0,0,0,0,0,0,0,0,1,0,0,0,0,0,0
68.36094,0,0,RUNNING,0.1694467,0.5078017,0.7019604,-6,-51,-4,-0.02663825,-0.02663825,0,-0.02663825,-0.02663825,0,1.241875,1.065623,0.4437931,0.0003149745,0,0,0,0,0,0,0,0,0,1,0,0,0,0,0,0
69.36662,0,0,RUNNING,0.1694178,0.5078188,0.7020544,-6,-51,-4,-0.02663825,-0.02663825,0,-0.02663825,-0.02663825,0,1.241875,1.065623,0.4437931,9.971614E-05,0,0,0,0,0,0,0,0,0,1,0,0,0,0,0,0
70.37176,0,0,RUNNING,0.1694099,0.5079425,0.7020305,-6,-51,-4,-0.02663825,-0.02663825,0,-0.02663825,-0.02663825,0,1.241875,1.065623,0.4437931,0.0001261909,0,0,0,0,0,0,0,0,0,1,0,0,0,0,0,0
71.37713,0,0,RUNNING,0.1691737,0.5077118,0.7020876,-6,-51,-4,-0.02663825,-0.02663825,0,-0.02663825,-0.02663825,0,1.241875,1.065623,0.4437931,0.0003350764,0,0,0,0,0,0,0,0,0,1,0,0,0,0,0,0
72.38238,0,0,RUNNING,0.1693079,0.5078482,0.7019436,-6,-51,-4,-0.02663825,-0.02663825,0,-0.02663825,-0.02663825,0,1.241875,1.065623,0.4437931,0.0002395511,0,0,0,0,0,0,0,0,0,1,0,0,0,0,0,0
73.38765,0,0,RUNNING,0.1692927,0.5077738,0.702156,-6,-51,-4,-0.02663825,-0.02663825,0,-0.02663825,-0.02663825,0,1.241875,1.065623,0.4437931,0.0002256105,0,0,0,0,0,0,0,0,0,1,0,0,0,0,0,0
74.3928,0,0,RUNNING,0.1693889,0.5078493,0.7019557,-6,-51,-4,-0.02663825,-0.02663825,0,-0.02663825,-0.02663825,0,1.241875,1.065623,0.4437931,0.0002346976,0,0,0,0,0,0,0,0,0,1,0,0,0,0,0,0
75.39812,0,0,RUNNING,0.1693557,0.5078085,0.702,-6,-51,-4,-0.02663825,-0.02663825,0,-0.02663825,-0.02663825,0,1.241875,1.065623,0.4437931,6.877018E-05,0,0,0,0,0,0,0,0,0,1,0,0,0,0,0,0
76.40359,0,0,RUNNING,0.1693356,0.5077901,0.7020395,-6,-51,-4,-0.02663825,-0.02663825,0,-0.02663825,-0.02663825,0,1.241875,1.065623,0.4437931,4.796583E-05,0,0,0,0,0,0,0,0,0,1,0,0,0,0,0,0
77.40872,0,0,RUNNING,0.1694916,0.5076064,0.7020029,-6,-51,-4,-0.02663825,-0.02663825,0,-0.02663825,-0.02663825,0,1.241875,1.065623,0.4437931,0.0002437279,0,0,0,0,0,0,0,0,0,1,0,0,0,0,0,0
78.41306,0,0,RUNNING,0.1693614,0.5078309,0.7021273,-6,-51,-4,-0.02663825,-0.02663825,0,-0.02663825,-0.02663825,0,1.241875,1.065623,0.4437931,0.0002876921,0,0,0,0,0,0,0,0,0,1,0,0,0,0,0,0
